1 2 8 6 3 5 3 5 3 4 1 2 3
0 5 3 4 1 5 3 4 1 2 3 1 7
5 3 5 3 4 1 2 3 2 5 3 2 3
0 0 5 3 4 1 2 5 3 4 1 2 3
1 2 8 6 3 5 3 5 3 4 1 2 3
0 5 3 4 1 5 3 4 1 2 3 1 7
1 2 8 6 3 5 3 5 3 4 1 2 3
0 5 3 4 1 5 3 4 1 2 3 1 7
5 3 5 3 4 1 2 3 2 5 3 2 3
1 2 8 6 3 5 3 5 3 4 1 2 3
0 5 3 4 1 5 3 4 1 2 3 1 7
5 3 5 3 4 1 2 3 2 5 3 2 3
1 2 8 6 3 5 3 5 3 4 1 2 3
1 2 8 6 3 5 3 5 3 4 1 2 3
0 5 3 4 1 5 3 4 1 2 3 1 7
5 3 5 3 4 1 2 3 2 5 3 2 3
0 0 5 3 4 1 2 5 3 4 1 2 3
1 2 8 6 3 5 3 5 3 4 1 2 3
0 5 3 4 1 5 3 4 1 2 3 1 7
5 3 5 3 4 1 2 3 2 5 3 2 3
5 3 5 3 4 1 2 5 3 4 1 2 3
1 2 8 6 5 3 5 3 4 1 1 2 3
0 5 3 4 1 5 3 4 1 2 3 1 7
5 3 5 3 4 1 2 3 2 5 3 2 3
1 2 8 6 3 5 3 5 3 4 1 2 3
0 5 3 4 1 5 3 4 1 2 3 1 7
5 3 5 3 4 1 2 3 2 5 3 2 3
0 0 5 3 4 1 2 5 3 4 1 2 3